1.5694130091261103
0.5995785559292706
0.5377159973550977
0.4820112492382847
0.5661531711050998
1.5694130091261103
1.0209735024593176
0.17802931824503732
1.0209735024593176
0.5661531711050998
0.5661531711050998
1.0209735024593176
0.5995785559292706
0.967623817692293
1.5694130091261103
1.5694130091261103
0.8007436393464119
0.5377159973550977
1.0209735024593176
0.5661531711050998
0.31430711381400617
1.5694130091261103
0.5661531711050998
1.0209735024593176
0.5661531711050998
1.0209735024593176
1.5694130091261103
0.23232149812375763
1.5694130091261103
1.0209735024593176
0.5661531711050998
0.9541658546356858
0.13056894527704568
1.5694130091261103
1.0209735024593176
0.5377159973550977
0.31430711381400617
0.5990088319042339
1.5694130091261103
0.4856093219323198
1.5694130091261103
0.4820112492382847
1.0209735024593176
0.4820112492382847
0.29037128690695213
0.9541658546356858
0.9541658546356858
0.14780304865192964
0.5990088319042339
0.9541658546356858
0.18373423331137434
0.9541658546356858
0.5990088319042339
0.5990088319042339
0.4856093219323198
0.17802931824503732
0.02671193827915705
0.4856093219323198
0.4856093219323198
0.23232149812375763
0.5990088319042339
0.9541658546356858
0.9541658546356858
0.9541658546356858
0.9541658546356858
0.3596119006354277
0.06652161425379031
0.967623817692293
1.0209735024593176
0.4820112492382847
0.5990088319042339
1.0209735024593176
0.967623817692293
0.8007436393464119
1.5694130091261103
0.5990088319042339
0.9541658546356858
0.5995785559292706
0.18373423331137434
0.4820112492382847
0.5990088319042339
1.5694130091261103
0.2187203037473695
1.0209735024593176
0.5990088319042339
0.4820112492382847
1.5694130091261103
0.9541658546356858
1.0209735024593176
0.8007436393464119
0.9541658546356858
0.8007436393464119
0.5661531711050998
1.5694130091261103
1.5694130091261103
0.4820112492382847
0.5990088319042339
0.9541658546356858
1.5694130091261103
0.3596119006354277
1.5694130091261103
1.5694130091261103
1.0209735024593176
1.0209735024593176
0.5995785559292706
1.5694130091261103
1.5694130091261103
0.5995785559292706
1.5694130091261103
1.5694130091261103
0.967623817692293
0.5202343637484385
0.2187203037473695
0.32963101246679116
0.5995785559292706
0.32963101246679116
0.967623817692293
0.04770195637607211
0.3596119006354277
0.5377159973550977
0.8007436393464119
1.5694130091261103
0.5661531711050998
1.5694130091261103
0.8007436393464119
0.9541658546356858
0.31430711381400617
1.5694130091261103
1.5694130091261103
0.5661531711050998
1.0209735024593176
1.5694130091261103
1.0209735024593176
0.967623817692293
0.9541658546356858
1.0209735024593176
0.9541658546356858
1.5694130091261103
1.5694130091261103
1.0209735024593176
1.1823108171930092
0.587360285419814
0.5459539007690996
0.2558960969494914
1.1823108171930092
0.6232553893097234
0.17439444849623673
0.38256845337576695
0.5459539007690996
1.1823108171930092
0.587360285419814
1.1823108171930092
0.3962285074908623
0.9258450137693486
0.3962285074908623
0.9258450137693486
0.9258450137693486
0.15350796371826664
0.635989688478747
0.2567371566825541
0.635989688478747
0.635989688478747
1.1823108171930092
1.1823108171930092
1.0209735024593176
1.0209735024593176
1.0209735024593176
0.12689912642204396
1.6013139363124615
1.6013139363124615
0.5070560701675306
1.0209735024593176
0.31430711381400617
0.40294784866562794
1.6013139363124615
1.6013139363124615
1.6013139363124615
0.4716614012585507
0.4716614012585507
0.4716614012585507
0.4716614012585507
0.4716614012585507
1.6013139363124615
0.40294784866562794
1.6013139363124615
0.9189155759065885
0.15841057013179086
0.1898433685661026
0.684224031280085
0.684224031280085
0.8773799018997489
1.328444972072324
1.9553281983067126
0.792076747587628
0.4716614012585507
0.6388953747442736
1.6013139363124615
1.9553281983067126
1.6013139363124615
1.9553281983067126
1.1076349955523959
1.5924115286907627
1.1076349955523959
0.9541658546356858
0.5990088319042339
0.5990088319042339
0.9541658546356858
0.9541658546356858
0.5990088319042339
0.10027292525008971
0.5990088319042339
0.5990088319042339
0.14780304865192964
0.684224031280085
0.684224031280085
0.8773799018997489
0.506039235265875
1.0884001867949957
1.0884001867949957
1.0884001867949957
0.7688840296469699
0.42296061035090327
0.23232149812375763
1.0884001867949957
0.8773799018997489
1.0884001867949957
1.0884001867949957
1.0884001867949957
1.0884001867949957
0.684224031280085
1.0884001867949957
0.3352292355046867
1.0884001867949957
0.3352292355046867
0.7688840296469699
1.5694130091261103
0.2187203037473695
1.9553281983067126
1.328444972072324
1.9553281983067126
1.5924115286907627
1.9553281983067126
0.46937159831309383
1.1076349955523959
1.1076349955523959
1.6013139363124615
1.9553281983067126
1.5694130091261103
1.6013139363124615
1.5924115286907627
1.5924115286907627
1.1076349955523959
1.9553281983067126
0.8773799018997489
1.9553281983067126
0.684224031280085
1.328444972072324
1.0209735024593176
1.5694130091261103
1.5694130091261103
1.0209735024593176
1.5694130091261103
0.967623817692293
0.967623817692293
1.0209735024593176
1.5694130091261103
0.9541658546356858
1.5694130091261103
1.0209735024593176
1.0209735024593176
1.328444972072324
1.5694130091261103
1.6013139363124615
1.9553281983067126
1.6013139363124615
1.328444972072324
1.6013139363124615
1.9553281983067126
1.9553281983067126
1.9553281983067126
1.5924115286907627
1.5694130091261103
1.0884001867949957
1.6013139363124615
1.9553281983067126
1.9553281983067126
1.9553281983067126
1.1076349955523959
1.9553281983067126
0.792076747587628
1.5924115286907627
0.9189155759065885
1.9553281983067126
1.6013139363124615
1.9553281983067126
0.8773799018997489
1.0884001867949957
0.3352292355046867
0.4716614012585507
0.6388953747442736
0.6388953747442736
1.9553281983067126
1.9553281983067126
1.0884001867949957
0.792076747587628
0.46937159831309383
0.881632002288746
1.5924115286907627
1.1076349955523959
0.9189155759065885
1.9553281983067126
1.328444972072324
0.4856093219323198
0.5459539007690996
1.1823108171930092
1.1823108171930092
0.29037128690695213
1.1823108171930092
0.587360285419814
0.635989688478747
1.1823108171930092
0.12689912642204396
0.6232553893097234
1.1823108171930092
0.2558960969494914
0.6232553893097234
0.5459539007690996
1.1823108171930092
1.1823108171930092
0.587360285419814
1.1823108171930092
0.6232553893097234
0.3434211238694315
0.3434211238694315
1.1823108171930092
0.5459539007690996
1.1823108171930092
0.587360285419814
0.15350796371826664
0.635989688478747
0.30277524283308993
0.635989688478747
0.5459539007690996
0.2719318791225187
0.5459539007690996
0.5995785559292706
1.0209735024593176
0.4716614012585507
1.0209735024593176
1.5694130091261103
1.5694130091261103
1.5694130091261103
0.9541658546356858
1.5694130091261103
0.5661531711050998
0.967623817692293
1.5694130091261103
1.5694130091261103
0.5661531711050998
0.5995785559292706
0.967623817692293
1.0209735024593176
0.31430711381400617
1.6013139363124615
1.328444972072324
1.328444972072324
1.1034329574921338
0.31914336259792025
1.9553281983067126
1.6013139363124615
1.328444972072324
1.0884001867949957
1.0884001867949957
1.0884001867949957
1.6013139363124615
1.5694130091261103
1.9553281983067126
1.9553281983067126
1.9553281983067126
1.6013139363124615
1.9553281983067126
1.6013139363124615
1.1034329574921338
1.9553281983067126
1.9553281983067126
1.9553281983067126
1.9553281983067126
0.9189155759065885
1.328444972072324
1.5694130091261103
1.9553281983067126
1.5694130091261103
1.9553281983067126
1.0884001867949957
0.9541658546356858
0.9541658546356858
0.9541658546356858
0.9541658546356858
0.9541658546356858
0.4717613452448866
0.4717613452448866
0.4717613452448866
0.5990088319042339
0.5990088319042339
0.14780304865192964
0.1898433685661026
0.8773799018997489
1.0884001867949957
1.0884001867949957
1.0884001867949957
1.0884001867949957
1.0884001867949957
0.9541658546356858
1.0884001867949957
0.8773799018997489
0.506039235265875
0.42296061035090327
1.0884001867949957
0.3352292355046867
0.8773799018997489
1.0884001867949957
1.0884001867949957
0.684224031280085
1.0884001867949957
1.0884001867949957
1.5694130091261103
0.2187203037473695
1.5694130091261103
1.5694130091261103
0.6388953747442736
0.6388953747442736
0.40294784866562794
1.9553281983067126
1.9553281983067126
1.5694130091261103
1.9553281983067126
1.9553281983067126
1.9553281983067126
1.1034329574921338
0.9541658546356858
1.328444972072324
1.9553281983067126
1.9553281983067126
1.9553281983067126
1.0884001867949957
0.792076747587628
1.6013139363124615
0.792076747587628
1.328444972072324
1.328444972072324
0.40294784866562794
1.328444972072324
1.328444972072324
1.0884001867949957
1.5694130091261103
0.5661531711050998
1.5694130091261103
1.0209735024593176
1.5694130091261103
0.967623817692293
0.967623817692293
0.5377159973550977
1.0209735024593176
0.9541658546356858
1.0209735024593176
1.5694130091261103
1.0209735024593176
1.0209735024593176
1.6013139363124615
1.328444972072324
1.328444972072324
1.328444972072324
1.6013139363124615
1.6013139363124615
0.5070560701675306
1.1034329574921338
0.31914336259792025
1.9553281983067126
1.328444972072324
1.328444972072324
1.6013139363124615
1.9553281983067126
1.5924115286907627
1.5694130091261103
1.9553281983067126
1.6013139363124615
1.9553281983067126
1.9553281983067126
1.5924115286907627
1.9553281983067126
1.9553281983067126
1.9553281983067126
1.6013139363124615
0.684224031280085
1.9553281983067126
1.9553281983067126
1.5924115286907627
0.46937159831309383
0.792076747587628
1.9553281983067126
1.9553281983067126
1.9553281983067126
1.0884001867949957
1.9553281983067126
1.1034329574921338
1.6013139363124615
1.9553281983067126
0.9189155759065885
1.328444972072324
0.8773799018997489
1.9553281983067126
1.1823108171930092
0.5459539007690996
1.1823108171930092
0.9258450137693486
0.38256845337576695
0.587360285419814
1.1823108171930092
0.635989688478747
0.3434211238694315
0.14780304865192964
0.5377159973550977
1.0209735024593176
0.5070560701675306
1.6013139363124615
0.5070560701675306
0.5990088319042339
1.0209735024593176
1.6013139363124615
1.6013139363124615
1.6013139363124615
1.328444972072324
1.6013139363124615
0.9189155759065885
0.23736148838944965
0.08392577932363239
0.4716614012585507
1.6013139363124615
1.6013139363124615
1.6013139363124615
1.1034329574921338
0.5070560701675306
0.9189155759065885
1.6013139363124615
0.6128310398219653
0.9189155759065885
1.6013139363124615
0.8773799018997489
1.5694130091261103
1.328444972072324
0.792076747587628
0.6388953747442736
1.0884001867949957
1.328444972072324
1.9553281983067126
1.9553281983067126
1.6013139363124615
1.6013139363124615
1.1076349955523959
1.5924115286907627
1.1076349955523959
1.1076349955523959
1.1076349955523959
1.328444972072324
1.9553281983067126
1.6013139363124615
1.9553281983067126
1.5694130091261103
1.9553281983067126
0.6388953747442736
1.9553281983067126
0.792076747587628
1.328444972072324
0.792076747587628
1.9553281983067126
1.9553281983067126
0.684224031280085
1.9553281983067126
1.9553281983067126
1.328444972072324
0.5661531711050998
1.5694130091261103
1.0209735024593176
1.5694130091261103
1.5694130091261103
1.0209735024593176
0.9541658546356858
1.5694130091261103
1.0209735024593176
1.0209735024593176
1.1034329574921338
1.328444972072324
1.328444972072324
0.792076747587628
1.0884001867949957
1.9553281983067126
1.6013139363124615
0.792076747587628
1.0884001867949957
1.6013139363124615
1.0884001867949957
1.9553281983067126
1.5924115286907627
1.6013139363124615
1.9553281983067126
1.9553281983067126
1.9553281983067126
1.328444972072324
1.0884001867949957
1.9553281983067126
0.6388953747442736
1.9553281983067126
1.9553281983067126
1.6013139363124615
1.5924115286907627
0.9362128593533192
1.1076349955523959
0.40294784866562794
1.5694130091261103
0.8773799018997489
0.1898433685661026
1.9553281983067126
0.6232553893097234
0.29037128690695213
0.29037128690695213
0.2567371566825541
0.14238299559811096
0.30277524283308993
0.30277524283308993
1.6013139363124615
0.02671193827915705
0.5070560701675306
1.6013139363124615
1.6013139363124615
0.40294784866562794
0.5070560701675306
0.5070560701675306
1.6013139363124615
0.17802931824503732
0.8773799018997489
0.684224031280085
0.1898433685661026
0.8773799018997489
0.8773799018997489
0.8773799018997489
0.37102856595554795
0.8773799018997489
0.8773799018997489
0.5990088319042339
1.328444972072324
1.328444972072324
1.328444972072324
0.9189155759065885
0.31430711381400617
1.6013139363124615
1.0209735024593176
1.6013139363124615
1.6013139363124615
1.6013139363124615
1.1034329574921338
0.6128310398219653
0.9189155759065885
1.6013139363124615
1.6013139363124615
1.6013139363124615
0.5990088319042339
1.6013139363124615
0.5995785559292706
0.5070560701675306
1.6013139363124615
1.6013139363124615
0.5070560701675306
0.5995785559292706
0.3982848525929228
0.6128310398219653
0.9189155759065885
0.598732339469966
0.9189155759065885
1.0209735024593176
0.5070560701675306
1.6013139363124615
0.5070560701675306
1.6013139363124615
0.31430711381400617
0.14780304865192964
0.684224031280085
0.5070560701675306
0.8773799018997489
0.31914336259792025
0.684224031280085
0.37102856595554795
0.5377159973550977
0.1898433685661026
1.6013139363124615
0.29037128690695213
0.12689912642204396
0.3434211238694315
1.1823108171930092
0.635989688478747
0.053406871442409104
1.1823108171930092
1.1823108171930092
0.587360285419814
0.2232660600649294
0.635989688478747
0.1105692714134269
1.1823108171930092
1.1823108171930092
0.12689912642204396
0.5990088319042339
1.6013139363124615
0.23736148838944965
0.4716614012585507
1.6013139363124615
1.6013139363124615
1.6013139363124615
0.5990088319042339
1.6013139363124615
0.17802931824503732
0.9189155759065885
0.9189155759065885
0.598732339469966
1.328444972072324
1.328444972072324
1.328444972072324
1.5924115286907627
0.8773799018997489
1.6013139363124615
1.6013139363124615
1.1076349955523959
1.1076349955523959
0.792076747587628
0.4647947081819764
0.15841057013179086
0.6388953747442736
0.6388953747442736
0.2351738694272939
0.9541658546356858
1.9553281983067126
1.328444972072324
0.46937159831309383
1.5924115286907627
1.328444972072324
1.9553281983067126
1.9553281983067126
0.9541658546356858
0.9541658546356858
0.9541658546356858
0.5990088319042339
0.9541658546356858
0.5990088319042339
0.9541658546356858
0.5990088319042339
0.4717613452448866
0.4717613452448866
0.8773799018997489
0.08392577932363239
0.506039235265875
1.0884001867949957
0.684224031280085
1.0884001867949957
0.3352292355046867
0.3352292355046867
0.23232149812375763
1.0884001867949957
1.0884001867949957
1.0884001867949957
0.9541658546356858
0.7688840296469699
1.0884001867949957
0.3352292355046867
1.0884001867949957
1.0884001867949957
1.0884001867949957
0.8773799018997489
0.8773799018997489
1.0884001867949957
1.0884001867949957
0.7688840296469699
0.37102856595554795
0.684224031280085
1.5694130091261103
0.9541658546356858
1.5924115286907627
1.9553281983067126
0.46937159831309383
0.6388953747442736
0.6388953747442736
1.5694130091261103
1.6013139363124615
1.6013139363124615
1.9553281983067126
0.9189155759065885
1.1076349955523959
1.1076349955523959
1.9553281983067126
1.9553281983067126
1.328444972072324
0.9541658546356858
1.0209735024593176
1.5694130091261103
1.5694130091261103
1.0209735024593176
1.328444972072324
1.328444972072324
1.1034329574921338
1.5694130091261103
1.328444972072324
1.0884001867949957
1.5924115286907627
1.1076349955523959
1.9553281983067126
1.9553281983067126
0.792076747587628
0.46937159831309383
1.1076349955523959
1.9553281983067126
1.6013139363124615
0.792076747587628
1.6013139363124615
1.6013139363124615
0.6388953747442736
1.9553281983067126
1.9553281983067126
1.9553281983067126
1.9553281983067126
1.9553281983067126
1.5924115286907627
1.9553281983067126
0.587360285419814
0.5459539007690996
0.6232553893097234
1.1823108171930092
0.3434211238694315
0.9258450137693486
1.1823108171930092
0.587360285419814
0.3434211238694315
0.587360285419814
0.2558960969494914
1.1823108171930092
0.6232553893097234
0.5459539007690996
0.6232553893097234
1.6013139363124615
1.6013139363124615
1.1034329574921338
1.6013139363124615
1.6013139363124615
0.46937159831309383
1.0884001867949957
0.5661531711050998
1.9553281983067126
1.5924115286907627
1.0884001867949957
1.1076349955523959
1.328444972072324
1.328444972072324
0.5990088319042339
0.9541658546356858
0.5990088319042339
0.4717613452448866
0.5990088319042339
0.5990088319042339
0.5990088319042339
0.8773799018997489
0.3352292355046867
0.23232149812375763
0.8773799018997489
1.0884001867949957
1.0884001867949957
0.7688840296469699
0.8773799018997489
1.0884001867949957
0.967623817692293
1.6013139363124615
1.0884001867949957
1.9553281983067126
0.4647947081819764
0.6388953747442736
1.5694130091261103
1.328444972072324
1.9553281983067126
1.328444972072324
1.9553281983067126
1.1034329574921338
1.6013139363124615
1.6013139363124615
1.9553281983067126
1.0209735024593176
1.0209735024593176
0.5661531711050998
0.9541658546356858
1.5694130091261103
1.5694130091261103
0.5661531711050998
1.0209735024593176
1.5694130091261103
0.967623817692293
0.967623817692293
0.5377159973550977
1.0209735024593176
1.5694130091261103
1.0209735024593176
0.31430711381400617
1.328444972072324
1.328444972072324
0.40294784866562794
1.328444972072324
1.0884001867949957
1.6013139363124615
1.9553281983067126
1.9553281983067126
1.6013139363124615
1.5694130091261103
1.9553281983067126
1.9553281983067126
1.6013139363124615
1.5924115286907627
1.9553281983067126
0.792076747587628
1.6013139363124615
1.0884001867949957
1.9553281983067126
0.684224031280085
1.9553281983067126
0.792076747587628
1.5694130091261103
1.5694130091261103
1.1034329574921338
0.31914336259792025
1.6013139363124615
1.0884001867949957
0.8773799018997489
0.3352292355046867
1.1034329574921338
0.6388953747442736
0.6388953747442736
1.9553281983067126
1.9553281983067126
1.9553281983067126
0.9362128593533192
0.9362128593533192
1.5924115286907627
0.3434211238694315
1.1823108171930092
0.1157741583018883
1.1823108171930092
1.1823108171930092
1.1823108171930092
0.6232553893097234
1.1823108171930092
1.1823108171930092
0.9258450137693486
0.15350796371826664
0.5427235615646673
0.635989688478747
0.30277524283308993
0.3434211238694315
0.2567371566825541
0.6232553893097234
1.1823108171930092
0.2558960969494914
1.0209735024593176
1.0209735024593176
0.31430711381400617
0.5377159973550977
1.0209735024593176
1.0209735024593176
1.6013139363124615
0.9189155759065885
0.31914336259792025
0.4716614012585507
0.4716614012585507
1.6013139363124615
1.6013139363124615
0.6388953747442736
1.6013139363124615
1.9553281983067126
1.9553281983067126
1.1076349955523959
1.5694130091261103
1.9553281983067126
0.46937159831309383
0.6388953747442736
1.328444972072324
1.328444972072324
1.9553281983067126
1.6013139363124615
1.9553281983067126
1.1034329574921338
0.1898433685661026
0.42296061035090327
1.9553281983067126
1.1034329574921338
0.684224031280085
1.328444972072324
1.9553281983067126
1.5694130091261103
1.9553281983067126
1.9553281983067126
1.9553281983067126
1.5924115286907627
1.9553281983067126
1.9553281983067126
1.9553281983067126
1.5924115286907627
1.5924115286907627
1.1076349955523959
1.9553281983067126
1.0209735024593176
1.328444972072324
1.328444972072324
1.0884001867949957
1.9553281983067126
0.5990088319042339
1.9553281983067126
0.792076747587628
0.4647947081819764
1.0884001867949957
0.6388953747442736
0.9541658546356858
1.0209735024593176
1.6013139363124615
0.684224031280085
1.0884001867949957
1.0209735024593176
1.9553281983067126
1.9553281983067126
1.328444972072324
0.5070560701675306
0.5070560701675306
1.328444972072324
0.792076747587628
0.4856093219323198
0.15841057013179086
1.328444972072324
0.792076747587628
0.6128310398219653
1.1076349955523959
1.9553281983067126
0.5377159973550977
1.9553281983067126
0.02671193827915705
1.1034329574921338
1.1076349955523959
1.9553281983067126
0.3434211238694315
1.1823108171930092
0.4716614012585507
1.6013139363124615
0.9189155759065885
0.684224031280085
1.9553281983067126
0.792076747587628
0.46937159831309383
1.328444972072324
0.6388953747442736
0.46937159831309383
1.6013139363124615
1.6013139363124615
1.9553281983067126
1.9553281983067126
1.9553281983067126
0.8007436393464119
1.1076349955523959
1.9553281983067126
1.1823108171930092
1.1823108171930092
1.1823108171930092
1.0209735024593176
1.5694130091261103
1.9553281983067126
1.5924115286907627
1.1076349955523959
1.5694130091261103
1.0209735024593176
1.0209735024593176
1.328444972072324
0.684224031280085
0.1898433685661026
1.6013139363124615
1.9553281983067126
1.0884001867949957
1.9553281983067126
0.9541658546356858
1.0884001867949957
0.2558960969494914
0.5459539007690996
0.2558960969494914
0.29037128690695213
0.2558960969494914
0.29037128690695213
0.5459539007690996
0.2558960969494914
0.10027292525008971
0.29037128690695213
0.5459539007690996
0.3962285074908623
0.2232660600649294
0.10027292525008971
0.07437981386236825
0.07437981386236825
0.5459539007690996
0.2558960969494914
0.5990088319042339
0.5990088319042339
0.5990088319042339
0.14780304865192964
0.14780304865192964
0.5990088319042339
0.29037128690695213
0.29037128690695213
0.02671193827915705
0.5990088319042339
0.8773799018997489
0.8773799018997489
0.8773799018997489
0.37102856595554795
0.5990088319042339
0.8773799018997489
0.8773799018997489
0.8773799018997489
0.684224031280085
0.684224031280085
0.684224031280085
0.684224031280085
0.8773799018997489
0.3352292355046867
0.684224031280085
0.4856093219323198
1.0884001867949957
0.3352292355046867
0.684224031280085
0.684224031280085
1.0884001867949957
1.0884001867949957
0.37102856595554795
0.684224031280085
1.0884001867949957
0.9541658546356858
0.9541658546356858
0.3596119006354277
1.0884001867949957
0.9541658546356858
0.7688840296469699
0.8773799018997489
0.42296061035090327
1.0884001867949957
1.0884001867949957
1.0884001867949957
0.506039235265875
1.0884001867949957
0.3776921602662484
0.506039235265875
0.7688840296469699
0.684224031280085
0.684224031280085
1.0884001867949957
0.9541658546356858
1.0884001867949957
1.0884001867949957
0.684224031280085
1.0884001867949957
0.9541658546356858
1.0884001867949957
0.8773799018997489
0.7688840296469699
1.0884001867949957
1.0884001867949957
0.2762900484363243
1.0884001867949957
1.0884001867949957
1.0884001867949957
1.1823108171930092
1.1823108171930092
1.1823108171930092
1.1823108171930092
0.5459539007690996
1.1823108171930092
1.1823108171930092
1.1823108171930092
0.587360285419814
1.1823108171930092
0.6232553893097234
1.1823108171930092
1.1823108171930092
1.1823108171930092
1.1823108171930092
0.587360285419814
1.1823108171930092
1.1823108171930092
1.1823108171930092
1.1823108171930092
0.5459539007690996
1.1823108171930092
0.29037128690695213
1.1823108171930092
1.1823108171930092
0.9258450137693486
0.9258450137693486
0.2719318791225187
0.635989688478747
0.30277524283308993
0.587360285419814
1.1823108171930092
0.587360285419814
1.1823108171930092
0.5990088319042339
0.31430711381400617
0.5377159973550977
1.0209735024593176
0.5990088319042339
1.0209735024593176
1.6013139363124615
0.4647947081819764
0.4716614012585507
1.6013139363124615
1.6013139363124615
0.5070560701675306
1.6013139363124615
0.17802931824503732
0.6128310398219653
0.9189155759065885
1.9553281983067126
1.6013139363124615
0.46937159831309383
0.792076747587628
0.6388953747442736
1.9553281983067126
1.6013139363124615
1.328444972072324
1.9553281983067126
1.9553281983067126
1.1076349955523959
1.5924115286907627
1.1076349955523959
0.881632002288746
1.5924115286907627
1.5694130091261103
0.9541658546356858
0.684224031280085
1.328444972072324
1.0884001867949957
0.46937159831309383
0.4856093219323198
0.6388953747442736
1.328444972072324
1.1076349955523959
1.9553281983067126
1.1034329574921338
0.9541658546356858
1.9553281983067126
1.9553281983067126
1.5924115286907627
0.1898433685661026
1.1076349955523959
1.1076349955523959
1.1076349955523959
0.3352292355046867
1.9553281983067126
0.792076747587628
1.9553281983067126
1.1034329574921338
1.1076349955523959
1.328444972072324
1.6013139363124615
1.328444972072324
1.9553281983067126
1.5924115286907627
1.9553281983067126
0.6388953747442736
1.9553281983067126
1.9553281983067126
0.9541658546356858
1.9553281983067126
1.5924115286907627
1.5924115286907627
1.5924115286907627
0.9362128593533192
1.9553281983067126
1.1823108171930092
0.587360285419814
1.1823108171930092
0.3962285074908623
0.5427235615646673
0.2232660600649294
0.5459539007690996
0.2558960969494914
1.6013139363124615
1.6013139363124615
1.6013139363124615
1.6013139363124615
1.328444972072324
1.328444972072324
0.8773799018997489
1.328444972072324
1.6013139363124615
1.6013139363124615
0.792076747587628
1.5694130091261103
1.9553281983067126
1.1076349955523959
0.8773799018997489
1.0884001867949957
1.1034329574921338
1.5924115286907627
1.5694130091261103
1.1034329574921338
1.1076349955523959
0.881632002288746
1.1076349955523959
0.684224031280085
1.6013139363124615
1.1034329574921338
1.1076349955523959
0.6388953747442736
1.9553281983067126
0.6232553893097234
1.1034329574921338
1.9553281983067126
1.0209735024593176
0.3596119006354277
0.40294784866562794
1.328444972072324
1.0884001867949957
0.9541658546356858
1.328444972072324
0.6128310398219653
0.684224031280085
0.684224031280085
0.8773799018997489
1.6013139363124615
1.0209735024593176
1.9553281983067126
0.15841057013179086
1.0209735024593176
1.6013139363124615
1.9553281983067126
1.1076349955523959
0.792076747587628
1.328444972072324
1.5694130091261103
0.6128310398219653
0.6128310398219653
0.792076747587628
1.6013139363124615
1.1076349955523959
0.6128310398219653
1.1076349955523959
1.5694130091261103
0.5377159973550977
0.5070560701675306
1.6013139363124615
1.9553281983067126
1.9553281983067126
1.328444972072324
1.6013139363124615
1.6013139363124615
1.1823108171930092
1.1823108171930092
0.3434211238694315
0.17439444849623673
0.2902573832996305
0.2558960969494914
1.1823108171930092
0.9258450137693486
0.5459539007690996
0.6232553893097234
0.6232553893097234
1.1823108171930092
1.1823108171930092
0.2719318791225187
0.635989688478747
0.5427235615646673
0.15350796371826664
0.5427235615646673
0.635989688478747
0.635989688478747
0.5427235615646673
0.635989688478747
0.2719318791225187
0.6232553893097234
0.6232553893097234
1.0209735024593176
1.0209735024593176
0.5990088319042339
1.0209735024593176
0.5990088319042339
0.5990088319042339
1.6013139363124615
1.6013139363124615
1.6013139363124615
1.6013139363124615
0.8773799018997489
1.6013139363124615
1.1034329574921338
0.598732339469966
0.17802931824503732
0.9189155759065885
0.5995785559292706
1.6013139363124615
1.9553281983067126
1.1076349955523959
1.5694130091261103
1.9553281983067126
1.6013139363124615
0.9189155759065885
1.9553281983067126
0.08392577932363239
1.9553281983067126
1.328444972072324
1.9553281983067126
1.1076349955523959
1.328444972072324
1.6013139363124615
1.1076349955523959
1.1076349955523959
0.792076747587628
0.684224031280085
1.6013139363124615
1.5694130091261103
0.5990088319042339
0.9541658546356858
0.9541658546356858
0.23232149812375763
0.5990088319042339
0.9541658546356858
0.23232149812375763
0.17802931824503732
0.9541658546356858
0.5990088319042339
0.14780304865192964
0.684224031280085
0.684224031280085
1.0884001867949957
1.0884001867949957
0.8773799018997489
1.0884001867949957
1.0884001867949957
0.7688840296469699
1.1034329574921338
0.792076747587628
1.1034329574921338
1.328444972072324
0.4856093219323198
0.4856093219323198
0.6388953747442736
1.9553281983067126
1.9553281983067126
1.9553281983067126
0.881632002288746
0.46937159831309383
1.1034329574921338
1.9553281983067126
1.9553281983067126
1.1076349955523959
1.328444972072324
1.5694130091261103
1.5694130091261103
1.328444972072324
1.1034329574921338
1.6013139363124615
1.9553281983067126
1.6013139363124615
1.328444972072324
1.6013139363124615
1.9553281983067126
0.792076747587628
1.9553281983067126
1.5924115286907627
1.9553281983067126
1.6013139363124615
1.6013139363124615
1.6013139363124615
1.9553281983067126
1.9553281983067126
1.1034329574921338
1.9553281983067126
1.6013139363124615
1.0884001867949957
1.9553281983067126
1.6013139363124615
1.6013139363124615
0.4717613452448866
1.9553281983067126
1.9553281983067126
1.9553281983067126
0.6388953747442736
0.292524571449193
1.9553281983067126
1.0884001867949957
1.9553281983067126
1.328444972072324
1.328444972072324
1.6013139363124615
1.1034329574921338
1.5924115286907627
1.1076349955523959
1.9553281983067126
1.5694130091261103
0.9541658546356858
1.0209735024593176
0.9541658546356858
1.5694130091261103
0.5661531711050998
0.967623817692293
0.967623817692293
1.328444972072324
1.328444972072324
0.8773799018997489
1.6013139363124615
0.31914336259792025
1.6013139363124615
1.9553281983067126
0.40294784866562794
1.0884001867949957
0.3352292355046867
1.9553281983067126
0.9189155759065885
0.8007436393464119
0.9189155759065885
1.1076349955523959
1.1823108171930092
1.1823108171930092
0.6232553893097234
1.1823108171930092
1.1823108171930092
1.1823108171930092
1.1823108171930092
0.2719318791225187
1.1823108171930092
0.38256845337576695
0.38256845337576695
0.6232553893097234
1.1823108171930092
1.1823108171930092
0.587360285419814
1.1823108171930092
0.6232553893097234
0.9258450137693486
0.635989688478747
0.635989688478747
0.6232553893097234
1.1823108171930092
1.1823108171930092
1.0209735024593176
0.31430711381400617
1.0209735024593176
0.5990088319042339
1.0209735024593176
1.0209735024593176
0.684224031280085
1.1034329574921338
0.5070560701675306
1.0209735024593176
1.6013139363124615
0.5070560701675306
1.6013139363124615
1.328444972072324
0.5070560701675306
0.5990088319042339
1.0209735024593176
1.6013139363124615
0.23736148838944965
0.23736148838944965
0.4716614012585507
0.5070560701675306
0.5990088319042339
1.328444972072324
1.0209735024593176
0.684224031280085
0.8773799018997489
1.6013139363124615
0.15841057013179086
1.1034329574921338
0.9189155759065885
0.9189155759065885
0.9189155759065885
1.1034329574921338
0.684224031280085
1.6013139363124615
1.9553281983067126
1.6013139363124615
1.328444972072324
1.6013139363124615
0.8773799018997489
0.792076747587628
1.9553281983067126
1.9553281983067126
1.1034329574921338
1.328444972072324
1.328444972072324
0.881632002288746
0.881632002288746
1.5924115286907627
0.9541658546356858
1.328444972072324
0.40294784866562794
1.5694130091261103
0.2187203037473695
1.9553281983067126
0.792076747587628
1.9553281983067126
1.328444972072324
1.328444972072324
1.6013139363124615
1.9553281983067126
0.46937159831309383
1.1076349955523959
1.6013139363124615
1.9553281983067126
1.9553281983067126
1.1034329574921338
0.9189155759065885
1.328444972072324
1.9553281983067126
1.328444972072324
0.9541658546356858
1.9553281983067126
1.328444972072324
1.9553281983067126
0.4647947081819764
1.5694130091261103
1.9553281983067126
1.328444972072324
0.9541658546356858
0.9362128593533192
0.10027292525008971
0.2774492071851014
0.10027292525008971
0.1898433685661026
0.1898433685661026
0.1898433685661026
0.1898433685661026
0.053406871442409104
0.053406871442409104
0.1898433685661026
0.505784909398505
0.2774492071851014
0.505784909398505
0.505784909398505
0.17158897169137693
0.17158897169137693
0.1447563891952149
0.505784909398505
0.505784909398505
0.02671193827915705
0.505784909398505
0.505784909398505
0.505784909398505
0.3604621856720098
0.1849668718309427
0.3604621856720098
0.3604621856720098
0.7007563910284244
0.2405304161043301
0.436439089849275
0.7007563910284244
0.7007563910284244
0.7623528339586252
0.14780304865192964
1.0447570931548595
1.0447570931548595
0.4864219741778582
0.7623528339586252
1.0447570931548595
0.7623528339586252
0.7623528339586252
1.0447570931548595
1.0447570931548595
0.4142536860580293
0.4864219741778582
0.7007563910284244
0.7007563910284244
0.6387404283307577
0.6387404283307577
1.0447570931548595
1.0447570931548595
0.7007563910284244
0.436439089849275
0.7623528339586252
0.7623528339586252
0.7623528339586252
0.6387404283307577
0.7623528339586252
0.436439089849275
0.7623528339586252
0.7623528339586252
0.7623528339586252
0.4271337482395296
0.6387404283307577
0.6387404283307577
0.6387404283307577
0.7007563910284244
0.436439089849275
0.7007563910284244
0.2405304161043301
0.436439089849275
0.7007563910284244
0.1849668718309427
0.3604621856720098
0.10027292525008971
0.436439089849275
0.7007563910284244
0.436439089849275
0.7007563910284244
0.436439089849275
0.7007563910284244
0.7007563910284244
0.436439089849275
0.3604621856720098
0.436439089849275
0.6387404283307577
0.6387404283307577
0.6387404283307577
0.053406871442409104
0.7623528339586252
0.36057741506723745
0.36057741506723745
0.6387404283307577
0.4142536860580293
0.7623528339586252
1.0447570931548595
0.7623528339586252
1.0447570931548595
0.4142536860580293
0.3604621856720098
1.0447570931548595
0.7623528339586252
1.0447570931548595
0.4142536860580293
0.7623528339586252
1.0447570931548595
0.4142536860580293
0.4142536860580293
0.7623528339586252
1.0447570931548595
1.0447570931548595
0.6387404283307577
1.0447570931548595
1.0447570931548595
1.0447570931548595
0.4142536860580293
1.0447570931548595
0.4864219741778582
0.7623528339586252
0.7623528339586252
0.4142536860580293
0.7007563910284244
0.34576392394799443
0.34576392394799443
0.7623528339586252
0.6387404283307577
0.7623528339586252
0.6387404283307577
1.0447570931548595
0.5910215066542531
0.5910215066542531
0.23802641319009463
0.6387404283307577
1.0447570931548595
0.4864219741778582
1.0447570931548595
0.4142536860580293
0.4864219741778582
0.4864219741778582
1.0447570931548595
0.3604621856720098
0.3604621856720098
0.3604621856720098
0.10027292525008971
0.3604621856720098
0.10027292525008971
0.2232660600649294
0.2232660600649294
0.02671193827915705
0.07437981386236825
0.36057741506723745
0.4864219741778582
0.36057741506723745
0.36057741506723745
0.4864219741778582
0.4864219741778582
0.4864219741778582
0.4864219741778582
0.36057741506723745
0.4864219741778582
0.1921816640180513
0.4864219741778582
0.4864219741778582
0.4864219741778582
0.4864219741778582
0.4864219741778582
0.4864219741778582
0.7007563910284244
0.3604621856720098
0.2405304161043301
0.7007563910284244
0.436439089849275
0.36057741506723745
0.07437981386236825
0.36057741506723745
1.0447570931548595
0.4271337482395296
0.5910215066542531
1.0447570931548595
0.7623528339586252
1.0447570931548595
0.4271337482395296
0.7007563910284244
0.3604621856720098
0.436439089849275
0.7007563910284244
0.436439089849275
0.3604621856720098
0.436439089849275
0.6387404283307577
0.7623528339586252
1.0447570931548595
0.7623528339586252
1.0447570931548595
0.7623528339586252
0.4142536860580293
0.4142536860580293
1.0447570931548595
1.0447570931548595
1.0447570931548595
0.7007563910284244
0.6387404283307577
1.0447570931548595
0.14238299559811096
0.34576392394799443
0.10027292525008971
0.7007563910284244
1.0447570931548595
0.5910215066542531
0.5910215066542531
1.0447570931548595
1.0447570931548595
0.5910215066542531
0.6387404283307577
0.436439089849275
0.436439089849275
0.7007563910284244
0.436439089849275
0.7007563910284244
0.7007563910284244
0.7007563910284244
0.436439089849275
0.436439089849275
0.7623528339586252
0.6387404283307577
0.36057741506723745
0.07437981386236825
0.7623528339586252
0.14780304865192964
0.7623528339586252
0.7623528339586252
1.0447570931548595
0.6387404283307577
0.2232660600649294
0.7623528339586252
1.0447570931548595
0.4864219741778582
0.1157741583018883
0.7623528339586252
1.0447570931548595
0.7623528339586252
0.4271337482395296
0.02671193827915705
0.02671193827915705
0.4864219741778582
0.7623528339586252
1.0447570931548595
1.0447570931548595
0.4864219741778582
1.0447570931548595
0.7623528339586252
0.4142536860580293
0.4142536860580293
0.7007563910284244
0.6387404283307577
1.0447570931548595
1.0447570931548595
1.0447570931548595
0.4142536860580293
0.7007563910284244
0.2405304161043301
1.0447570931548595
0.38599491104889216
0.38599491104889216
0.23802641319009463
0.38599491104889216
0.38599491104889216
0.38599491104889216
0.23802641319009463
0.10027292525008971
0.07437981386236825
0.07437981386236825
0.38599491104889216
0.38599491104889216
0.38599491104889216
0.23802641319009463
0.38599491104889216
0.2405304161043301
0.38599491104889216
0.23802641319009463
0.23802641319009463
0.23802641319009463
0.23802641319009463
0.10027292525008971
0.23802641319009463
0.21872030374736953
0.02671193827915705
0.21872030374736953
0.21872030374736953
0.4271337482395296
0.4271337482395296
0.5910215066542531
0.5910215066542531
0.1921816640180513
0.1157741583018883
0.5910215066542531
0.5910215066542531
0.4142536860580293
0.5910215066542531
0.5910215066542531
0.4271337482395296
0.1157741583018883
0.5910215066542531
0.4271337482395296
0.5910215066542531
0.5910215066542531
0.1921816640180513
0.5910215066542531
0.4271337482395296
0.5910215066542531
0.5910215066542531
0.5910215066542531
0.4142536860580293
0.4271337482395296
0.38599491104889216
0.38599491104889216
0.38599491104889216
0.5910215066542531
0.4142536860580293
0.5910215066542531
0.5910215066542531
0.5910215066542531
0.5910215066542531
0.5910215066542531
0.5910215066542531
0.4142536860580293
0.1157741583018883
0.436439089849275
0.7007563910284244
1.0447570931548595
0.4271337482395296
0.34576392394799443
0.34576392394799443
0.7007563910284244
1.0447570931548595
0.6387404283307577
0.6387404283307577
0.7623528339586252
0.4864219741778582
1.0447570931548595
0.7007563910284244
0.7007563910284244
0.7007563910284244
0.7007563910284244
0.38599491104889216
0.436439089849275
0.053406871442409104
0.6387404283307577
0.053406871442409104
0.36057741506723745
0.14780304865192964
0.4142536860580293
0.4864219741778582
0.7623528339586252
1.0447570931548595
0.4864219741778582
1.0447570931548595
1.0447570931548595
1.0447570931548595
1.0447570931548595
0.7623528339586252
1.0447570931548595
1.0447570931548595
1.0447570931548595
1.0447570931548595
0.635989688478747
0.07437981386236825
0.635989688478747
0.3434211238694315
0.635989688478747
0.635989688478747
0.3434211238694315
0.30277524283308993
0.30277524283308993
0.18385359148724728
0.18385359148724728
0.30277524283308993
0.635989688478747
0.635989688478747
0.30277524283308993
0.635989688478747
0.635989688478747
0.3434211238694315
0.15350796371826664
0.5427235615646673
0.635989688478747
0.3434211238694315
0.635989688478747
0.5377159973550977
0.5377159973550977
0.29822948651553005
0.9189155759065885
0.9189155759065885
0.9189155759065885
0.40294784866562794
0.9189155759065885
0.598732339469966
0.9189155759065885
0.6128310398219653
0.9189155759065885
0.5377159973550977
0.598732339469966
0.598732339469966
0.8007436393464119
0.5070560701675306
0.9189155759065885
0.9189155759065885
0.9189155759065885
0.598732339469966
0.5377159973550977
1.1076349955523959
0.6128310398219653
1.1076349955523959
1.1076349955523959
1.1076349955523959
1.1076349955523959
1.1076349955523959
1.1076349955523959
0.598732339469966
0.6128310398219653
0.6128310398219653
1.1076349955523959
1.1076349955523959
1.1076349955523959
1.1076349955523959
1.1076349955523959
0.9189155759065885
0.8007436393464119
0.8007436393464119
0.3596119006354277
0.6128310398219653
0.792076747587628
0.1713302773852365
0.6128310398219653
1.1076349955523959
0.9362128593533192
0.8007436393464119
0.9189155759065885
0.37102856595554795
0.2187203037473695
0.8007436393464119
1.1076349955523959
0.6128310398219653
0.3596119006354277
0.8007436393464119
1.1076349955523959
1.1076349955523959
0.8007436393464119
1.1076349955523959
1.1076349955523959
0.9362128593533192
0.9362128593533192
0.3596119006354277
0.6128310398219653
1.1076349955523959
1.1076349955523959
0.1898433685661026
0.6128310398219653
1.1076349955523959
1.1076349955523959
0.5377159973550977
0.8007436393464119
0.5661531711050998
0.5377159973550977
0.3596119006354277
0.8007436393464119
0.5661531711050998
0.8007436393464119
0.5202343637484385
0.3596119006354277
0.5377159973550977
0.31430711381400617
0.9189155759065885
0.8007436393464119
0.3596119006354277
0.9189155759065885
0.9189155759065885
1.1076349955523959
0.6128310398219653
0.9189155759065885
0.9189155759065885
0.42296061035090327
1.1076349955523959
0.9189155759065885
0.792076747587628
0.9189155759065885
0.9189155759065885
1.1076349955523959
0.6128310398219653
0.42296061035090327
1.1076349955523959
1.1076349955523959
0.9362128593533192
0.46937159831309383
1.1076349955523959
0.46937159831309383
0.3596119006354277
0.6128310398219653
0.2351738694272939
0.1713302773852365
1.1076349955523959
1.1076349955523959
1.1076349955523959
1.1076349955523959
0.8007436393464119
0.5377159973550977
0.6128310398219653
0.40294784866562794
0.9189155759065885
0.9189155759065885
0.42296061035090327
0.46937159831309383
0.792076747587628
1.1076349955523959
1.328444972072324
0.684224031280085
0.3596119006354277
1.5694130091261103
0.8773799018997489
0.792076747587628
1.328444972072324
1.9553281983067126
1.6013139363124615
1.328444972072324
0.792076747587628
1.9553281983067126
1.9553281983067126
0.9189155759065885
1.1076349955523959
0.08392577932363239
0.40294784866562794
0.15841057013179086
0.9189155759065885
0.42296061035090327
1.328444972072324
1.9553281983067126
1.328444972072324
0.15841057013179086
1.5694130091261103
1.6013139363124615
0.5995785559292706
0.881632002288746
1.5924115286907627
0.4717613452448866
1.5924115286907627
0.37102856595554795
0.6128310398219653
0.587360285419814
0.04770195637607211
0.38256845337576695
0.38256845337576695
0.1157741583018883
0.1157741583018883
1.1823108171930092
1.1823108171930092
0.1105692714134269
0.3434211238694315
1.0209735024593176
1.6013139363124615
1.6013139363124615
1.6013139363124615
1.1034329574921338
1.1034329574921338
1.6013139363124615
1.5694130091261103
1.328444972072324
1.0884001867949957
1.9553281983067126
0.4856093219323198
1.0884001867949957
0.9541658546356858
1.328444972072324
0.9541658546356858
1.5924115286907627
0.46937159831309383
1.5924115286907627
0.5202343637484385
0.3596119006354277
1.9553281983067126
1.328444972072324
0.9541658546356858
1.5694130091261103
1.6013139363124615
1.6013139363124615
0.9541658546356858
0.792076747587628
0.6128310398219653
1.9553281983067126
0.684224031280085
1.9553281983067126
1.1823108171930092
0.6232553893097234
0.6232553893097234
1.1823108171930092
0.13056894527704568
0.587360285419814
0.18385359148724728
0.635989688478747
0.15350796371826664
0.635989688478747
0.30277524283308993
0.6232553893097234
0.6232553893097234
1.0209735024593176
1.0209735024593176
1.6013139363124615
1.6013139363124615
1.6013139363124615
1.6013139363124615
0.4716614012585507
0.292524571449193
1.5694130091261103
0.5990088319042339
1.5694130091261103
0.31430711381400617
0.684224031280085
0.8773799018997489
1.6013139363124615
1.9553281983067126
1.9553281983067126
0.8773799018997489
1.6013139363124615
1.9553281983067126
1.0884001867949957
1.5924115286907627
0.9189155759065885
0.8773799018997489
1.9553281983067126
1.1034329574921338
1.328444972072324
1.328444972072324
1.9553281983067126
1.1076349955523959
0.8773799018997489
0.792076747587628
0.6388953747442736
1.9553281983067126
1.6013139363124615
1.9553281983067126
1.9553281983067126
0.881632002288746
1.5924115286907627
1.1076349955523959
1.1076349955523959
1.328444972072324
1.5694130091261103
1.328444972072324
1.9553281983067126
1.328444972072324
1.0884001867949957
1.9553281983067126
1.9553281983067126
1.0884001867949957
1.9553281983067126
1.1034329574921338
0.46937159831309383
1.1076349955523959
1.0884001867949957
1.9553281983067126
1.328444972072324
1.5694130091261103
0.8007436393464119
1.0209735024593176
1.6013139363124615
0.31914336259792025
1.9553281983067126
0.46937159831309383
0.9189155759065885
1.9553281983067126
0.9189155759065885
1.9553281983067126
1.0884001867949957
0.3434211238694315
1.0209735024593176
0.12689912642204396
0.8773799018997489
1.9553281983067126
1.1076349955523959
1.0209735024593176
0.598732339469966
0.9541658546356858
